0,103,90.0
0,105,90.0
0,106,90.0
0,111,100.0
0,114,100.0
0,115,90.0
0,116,90.0
0,120,90.0
0,129,80.0
0,131,90.0
0,15,80.0
0,150,90.0
0,152,90.0
0,154,100.0
0,160,100.0
0,161,100.0
0,164,100.0
0,165,100.0
0,166,90.0
0,168,90.0
0,17,100.0
0,170,90.0
0,174,90.0
0,178,100.0
0,179,80.0
0,183,100.0
0,185,100.0
0,187,100.0
0,189,80.0
0,190,100.0
0,2,90.0
0,20,100.0
0,203,80.0
0,207,100.0
0,208,90.0
0,21,80.0
0,210,80.0
0,211,90.0
0,214,90.0
0,215,100.0
0,220,80.0
0,221,100.0
0,222,80.0
0,223,100.0
0,224,80.0
0,226,80.0
0,230,100.0
0,233,90.0
0,234,90.0
0,238,100.0
0,239,80.0
0,241,100.0
0,242,100.0
0,244,100.0
0,25,80.0
0,251,90.0
0,256,80.0
0,263,90.0
0,265,100.0
0,272,80.0
0,275,90.0
0,276,100.0
0,277,100.0
0,281,100.0
0,286,100.0
0,289,100.0
0,291,80.0
0,294,100.0
0,295,100.0
0,296,90.0
0,298,80.0
0,300,90.0
0,301,100.0
0,304,80.0
0,305,80.0
0,306,80.0
0,309,90.0
0,31,100.0
0,315,100.0
0,32,100.0
0,339,80.0
0,340,90.0
0,343,100.0
0,35,100.0
0,351,80.0
0,355,100.0
0,359,80.0
0,36,80.0
0,361,100.0
0,364,80.0
0,373,80.0
0,374,90.0
0,376,80.0
0,377,100.0
0,379,80.0
0,380,90.0
0,385,80.0
0,391,100.0
0,392,80.0
0,394,90.0
0,407,80.0
0,412,100.0
0,413,80.0
0,414,90.0
0,419,90.0
0,42,80.0
0,422,80.0
0,424,100.0
0,428,90.0
0,430,90.0
0,439,90.0
0,442,90.0
0,448,90.0
0,449,100.0
0,452,100.0
0,458,90.0
0,459,80.0
0,461,80.0
0,464,90.0
0,466,90.0
0,468,80.0
0,469,100.0
0,476,80.0
0,479,80.0
0,488,100.0
0,493,100.0
0,495,80.0
0,497,90.0
0,50,90.0
0,503,90.0
0,506,100.0
0,507,100.0
0,510,100.0
0,514,80.0
0,515,80.0
0,516,80.0
0,519,80.0
0,59,90.0
0,69,100.0
0,7,80.0
0,71,100.0
0,77,100.0
0,8,100.0
0,82,100.0
0,84,80.0
0,87,100.0
0,89,80.0
0,91,100.0
0,94,80.0
0,97,80.0
